.Random.seed <-
c(403L, 211L, 1956476104L, -1270502993L, 226947392L, -25575076L, 
1741975344L, 2143118914L, -1510477565L, -144717130L, -156226884L, 
-32456101L, 1245668527L, -1482145528L, 2035702152L, -228151580L, 
1814210461L, -2072304376L, 1589802389L, -158826692L, -1147197787L, 
-209926052L, -1931601108L, 1602108735L, 1223284992L, 1014886497L, 
247707132L, -1460820298L, 7350475L, -1119155702L, -1582091943L, 
1442306063L, -1089424680L, 286987136L, 552341094L, 1671827204L, 
-595312776L, -1519341833L, 586409409L, -84515669L, 1573870809L, 
1400556861L, 1709968579L, 1060018748L, 1075556891L, 1498892934L, 
546358224L, 1971782368L, -1066596136L, 1775258078L, -1155963396L, 
995256701L, -294174149L, -1793756530L, -1672645694L, -605599751L, 
130099523L, -1753766310L, -1762641528L, 1778567192L, -2012141725L, 
-1806010411L, -305493932L, -224970902L, 831326970L, -231893963L, 
-232746593L, 2031554419L, -1628602307L, 1373824405L, -730335790L, 
2051173080L, 380262002L, 1220474739L, 1478082265L, 561917924L, 
-627225909L, -1050333319L, -1961195638L, 1942842560L, 146545769L, 
-2041806152L, -1005296098L, -572259153L, -911194045L, -542443269L, 
529259087L, -896130839L, 1411048117L, -1195754662L, 1380289197L, 
-134876392L, -1257481703L, -429287010L, 1494565559L, -1976779264L, 
-1573048822L, -794841853L, 208285847L, -1540339152L, 420399846L, 
1623540423L, -1730684495L, 1383672894L, 206982309L, 345450776L, 
1989401883L, 1677528446L, -201313166L, 187018096L, -951222602L, 
1511022746L, 1550478817L, -857380232L, 1950055876L, -92420841L, 
882489061L, 2077503697L, 1179583774L, 676218L, -939407736L, 1723184910L, 
-1690601190L, 1733854920L, 686707810L, -381627281L, -814561162L, 
-134465948L, 445205823L, -949869860L, -1131686612L, 623755218L, 
-1872639238L, 1814534179L, -1719918373L, -372072412L, -1241784059L, 
-787032862L, 910076344L, -1713859221L, 595597399L, 1984345223L, 
173541398L, 1572920173L, -170648382L, -473593659L, 1764590268L, 
-920658588L, 1095825649L, -1657222641L, -1595144741L, 1772524265L, 
1010552551L, -1154110403L, 1302725331L, 965331L, 1822942852L, 
-369373577L, -884278870L, -1493346265L, -1946733486L, 991622664L, 
236673124L, -1634166559L, 1195984903L, 1404852645L, 1921535842L, 
860370793L, -1051821181L, 1143183690L, -211411412L, 1463133794L, 
2030250872L, -1191037552L, 717026669L, -1785547652L, -1959595295L, 
-1801188748L, -1598147082L, 2016914170L, -909367930L, 1362887015L, 
-537118052L, 334394313L, -707898879L, -1231657159L, 579231771L, 
-1333539251L, 261878679L, -1922724009L, -1729085799L, -1727739423L, 
-595648877L, -918697339L, -547487712L, 1230841065L, -1829171491L, 
1856775710L, 593534068L, -2016139998L, 1425732228L, 1359705033L, 
1242989189L, -1586765081L, 1532119970L, -122204231L, -2060281386L, 
242891919L, 117862448L, -875603129L, -166822769L, -1542147551L, 
-103096927L, -836075338L, -647126362L, 214754463L, -149419865L, 
935522927L, -1507279845L, -2099645175L, 409736497L, -199421955L, 
-380094356L, -161129744L, 132936228L, -85332164L, 55565160L, 
-1819577344L, -1751924968L, -385762343L, -306697869L, 874570307L, 
-241146549L, 1584047432L, 24873147L, -445957528L, -888885216L, 
-481812833L, -1158787070L, 1727185605L, 549984711L, 1917669881L, 
1878076801L, -512333799L, -445672240L, -516120908L, 665124982L, 
-1181154053L, 1882068005L, 1606709474L, -1085305922L, -788366723L, 
-1805769271L, -1722927775L, 777319647L, -634494937L, -1108887488L, 
1996985824L, -1258367369L, 1200652772L, -418510470L, -662040664L, 
1178308101L, 1905842649L, -1226146187L, 2042893177L, -351298211L, 
1612265337L, -2129868369L, 803497935L, 637071491L, 87779845L, 
-1246504902L, -3661588L, 681378901L, 1318512187L, -467097212L, 
-753922526L, 1891984475L, 1400598519L, -1818960367L, -2102396429L, 
-1730011978L, 752562822L, 1707920769L, -2058929356L, -1504927517L, 
2130469883L, 245807104L, -861162217L, 221219364L, 639701721L, 
-1415986642L, -1839156878L, 1699482672L, 1773793947L, 639163926L, 
-739011531L, 1892048934L, 789648677L, -2092979339L, -405075353L, 
311903328L, 1910273056L, -1770269229L, 54500149L, -1169107516L, 
122432170L, -1417989078L, 1780772401L, 424303680L, 813983386L, 
1154456329L, 288332328L, -1855414267L, -332847977L, -1705130442L, 
405602655L, 1682056578L, 1070786544L, 357136279L, 658432910L, 
1684406158L, -1801281914L, 705505041L, -219421796L, 100044593L, 
-1587883947L, -281650001L, -468215983L, -564011714L, 2102728117L, 
-1054793601L, 1792523248L, 1550813170L, 1460090318L, 329523037L, 
1330335990L, 675759552L, -1734681520L, 653743131L, 1053116513L, 
-1302439932L, -1196738L, -8006871L, 743997431L, -10820313L, -62929225L, 
-1138387095L, 1119133677L, -2039272651L, -311421334L, 1820607230L, 
-1557878344L, -1314626131L, -1756184987L, -2039648925L, 1936507088L, 
-1407746935L, 2044820485L, -1855708469L, -325007788L, 914710417L, 
1267167005L, -276177900L, -921271031L, 754773771L, -218955094L, 
-52867551L, 485263850L, 1266898171L, -417768944L, 177680915L, 
-1134874627L, 417048029L, 252155744L, 1128795876L, 16575303L, 
-1251028969L, -1835553911L, -1771196158L, 1586503245L, 27893304L, 
1003243825L, -1269655924L, -793007905L, 187736514L, 1479915166L, 
1949152504L, -724346629L, 1132843936L, -1474730028L, -1773267034L, 
1857580181L, 2135826360L, 901265313L, -372049563L, 801969671L, 
540117873L, 1722646623L, -1767531493L, 2033221858L, 1869497707L, 
1497095271L, 1276366666L, -1822488798L, 1347458046L, -2083793801L, 
-1454778958L, -1598018418L, 1701285916L, 1781393817L, -675853047L, 
-685561375L, -1707170917L, 73922053L, -1681254286L, -1391313661L, 
1794596030L, -1269654212L, -604204535L, 1056142374L, 499906833L, 
1248191238L, -348401896L, 1315508027L, 1405657683L, 129238931L, 
482247669L, 1288831505L, 1188463161L, -1940699056L, 140572960L, 
-209130546L, -40999867L, -899611138L, 654472002L, -1771426002L, 
268256303L, 1919579728L, 1899211585L, 1633937827L, -1575233010L, 
-40263857L, 1165674959L, -1397869775L, -906784140L, 520209481L, 
-668985937L, 617062901L, 328984224L, -1724282817L, -1100275933L, 
-220015924L, 115770762L, -646808149L, 1843613341L, -1308050873L, 
98858073L, 565688842L, -1183005430L, -1869988773L, 1569042775L, 
2101649566L, 1007727738L, 408658999L, 1699143165L, 1179357844L, 
125107432L, 452527686L, 1090884595L, 423219199L, -488863210L, 
-490954483L, 1362291337L, 1123477170L, -1139566163L, 96326185L, 
1795523239L, -1982110211L, -2035714540L, -1803218251L, 734696888L, 
-927508662L, -1915715136L, 308275649L, -1852822841L, -1306791383L, 
1121106440L, -1775790080L, 1097125685L, -851395765L, -273833046L, 
-390773013L, 326860668L, 683505619L, -1395405365L, -1792013654L, 
-764974635L, -1601125730L, 359930755L, -529602957L, 2122544021L, 
1887579266L, 1536987645L, 559686519L, 912945305L, -242187447L, 
870239868L, 1445239162L, -1392219098L, 762727906L, -2056628236L, 
1905249957L, -201051498L, -1857933920L, 1566369679L, 1841162067L, 
-869046636L, -64490532L, -1092475214L, 366891113L, -1867189981L, 
-1458569476L, -1735585135L, -1930993616L, -1302851263L, 554253554L, 
705381613L, 1095190834L, -1929781780L, 72906769L, 1624452266L, 
1705174336L, -683679061L, -2003788965L, 1520818512L, 773199474L, 
-2119247009L, 315683018L, 1353151170L, 1116801396L, 1322842432L, 
730495172L, 1013673338L, -922159486L, 35145210L, -436743616L, 
931606597L, -340423005L, -725297727L, 374271390L, -1960088172L, 
-269014073L, 360588370L, -1687297049L, -1765595487L, 330532478L, 
1133197667L, -521222665L, -1522312375L, 1785057420L, -1828166452L, 
78466590L, 630931204L, 1643009984L, -1763057491L, -893642115L, 
536918139L, 839959705L, -1508615496L, -1662036516L, -1160320611L, 
369979993L, 1337890773L, 204185561L, 1850477525L, -1585924601L, 
615701473L, 233564480L, -395825756L, -771048682L, -1172731600L, 
1521505160L, 246744332L, 1073723413L, -1703911553L, -877414869L, 
886555293L, 636368596L, 1300972365L, 1418559816L, 1816951801L, 
1768033606L, 1068476755L, 661009245L, 1855497543L, 95550904L, 
-1749162657L, 1360140204L, -514809980L, 360654453L, 498046636L, 
